========Li========
2.7816    -6.941411224674022
2.8809428571428572    -6.997487170853302
2.9802857142857144    -7.027859626615864
3.079628571428571    -7.106776801232507
3.1789714285714283    -7.154208993931759
3.2783142857142855    -7.166435873020617
3.3776571428571422    -7.199049363097272
3.477    -7.2236996728741065
3.5763428571428566    -7.223354395616745
3.6756857142857142    -7.283586613694075
3.775028571428571    -7.282739515445609
3.8743714285714286    -7.309557544838897
3.9737142857142853    -7.3055068494341375
4.0730571428571425    -7.305942211118881
4.1724    -7.32383684080445

========Na========
3.3664000000000005    -42.94340613112652
3.486628571428572    -43.29261742015685
3.6068571428571436    -44.071883940763946
3.727085714285715    -44.05698192495635
3.847314285714286    -44.00309845601632
3.967542857142857    -44.32686202036402
4.087771428571429    -44.31681574176555
4.208    -44.5207782298735
4.328228571428571    -44.576891182574094
4.448457142857143    -44.977479069087124
4.5686857142857145    -45.07075627475323
4.688914285714286    -45.03486842482677
4.809142857142858    -45.08582169515495
4.929371428571429    -44.96308170108952
5.0496    -45.10812874541487

========Al========
3.2432000000000003    2.448835678277507
3.359028571428572    1.7945773485942267
3.474857142857143    1.2417516314514465
3.5906857142857143    0.7807591114811663
3.7065142857142854    0.3936120232202356
3.822342857142857    0.07299661531143098
3.9381714285714287    -0.19353798356489627
4.054    -0.41566171489991
4.169828571428571    -0.6021619447911482
4.285657142857143    -0.7449868312052796
4.401485714285714    -0.8821170611622797
4.517314285714286    0.8186239056441051
4.633142857142857    -1.112427539551426
4.748971428571428    -1.2324678581051325
4.8648    -1.3363469261013723

========Rh========
3.068    -69.34884733544618
3.177571428571429    -76.07693761428587
3.2871428571428574    -81.50249237314212
3.3967142857142854    -85.97492054784232
3.5062857142857142    -89.61121043663519
3.6158571428571427    -92.72508018080414
3.725428571428571    -95.34104812841296
3.835    -97.50129545705266
3.9445714285714284    -99.30274336410363
4.054142857142857    -100.81573835160854
4.163714285714286    -102.0977341776547
4.273285714285714    -103.18205052045951
4.382857142857143    -104.09663702736978
4.4924285714285705    -104.87994511509015
4.601999999999999    -105.78903579315669

========Pd========
3.1584000000000003    -92.97654669933175
3.2712000000000003    -98.64060904524635
3.3840000000000003    -103.10807236097351
3.4968000000000004    -107.05911271109767
3.6096000000000004    -110.25291512877155
3.7224000000000004    -112.8821312989205
3.8352    -115.03017664702527
3.948    -116.806164217694
4.0608    -118.28721464647684
4.1735999999999995    -119.5366686414097
4.2864    -120.58616801693134
4.3991999999999996    -121.46315166279234
4.512    -122.27308547870526
4.6248    -123.08237677605365
4.7376    -123.77239675771838

========Cu========
2.9144    -33.07538808283145
3.018485714285714    -34.1162579740199
3.1225714285714288    -36.69494284591902
3.226657142857143    -39.31834465483412
3.330742857142857    -39.90796171039239
3.4348285714285716    -40.45371654437632
3.5389142857142852    -41.988841412925545
3.643    -42.314078241127596
3.7470857142857144    -43.84120768998119
3.851171428571429    -44.01027094611039
3.955257142857143    -44.04084608751362
4.059342857142857    -44.315819179652266
4.163428571428571    -45.30039414055103
4.267514285714285    -45.96258876194081
4.3716    -45.87538287584613

========Ag========
3.3232    -20.851972146014944
3.441885714285714    -23.54634733449017
3.5605714285714285    -25.794170882776115
3.679257142857143    -27.65999292540907
3.797942857142857    -29.21049184173151
3.9166285714285713    -30.503275289969977
4.035314285714286    -31.584397043305586
4.154    -33.047951909007814
4.272685714285714    -33.32588051771886
4.3913714285714285    -34.05220311492474
4.510057142857143    -34.660067528851755
4.628742857142857    -35.16707876329012
4.747428571428571    -35.58922102146144
4.866114285714286    -35.938998356994375
4.9848    -36.22832086193429

========C ========
